{
  "nbformat": 4,
  "nbformat_minor": 0,
  "metadata": {
    "colab": {
      "provenance": [],
      "collapsed_sections": [
        "-7YJPjPbqSsy"
      ],
      "include_colab_link": true
    },
    "kernelspec": {
      "name": "python3",
      "display_name": "Python 3"
    },
    "language_info": {
      "name": "python"
    }
  },
  "cells": [
    {
      "cell_type": "markdown",
      "metadata": {
        "id": "view-in-github",
        "colab_type": "text"
      },
      "source": [
        "<a href=\"https://colab.research.google.com/github/Husted42/Husted42/blob/main/Final.ipynb\" target=\"_parent\"><img src=\"https://colab.research.google.com/assets/colab-badge.svg\" alt=\"Open In Colab\"/></a>"
      ]
    },
    {
      "cell_type": "markdown",
      "source": [
        "# Final assignment"
      ],
      "metadata": {
        "id": "HIcIQdFVHEQe"
      }
    },
    {
      "cell_type": "markdown",
      "source": [
        "## Task 1 - Portfolio optimization"
      ],
      "metadata": {
        "id": "WpAhIQoyHJjo"
      }
    },
    {
      "cell_type": "markdown",
      "source": [
        "### Task 1.a - Diversification\n",
        "Choose financial stock indices (at least 7) for different markets or sectors. Time interval 20 years, monthly data. When necessary, convert all values in one domestic currency (e.g. USD).\n",
        "\n",
        "We have chosen:\n",
        "\n",
        "Asia:\n",
        "  - iShares MSCI Japan ETF (EWJ)\n",
        "  - iShares MSCI Hong Kong ETF (EWH)\n",
        "\n",
        "America\n",
        " - IShares U.S. Financials ETF (IVF)\n",
        " - iShares Biotechnology ETF (IBB)\n",
        "\n",
        "Europe\n",
        " - EZU\n",
        " - ^990500-EUR-STRD\n",
        "\n",
        "Global energy\n",
        " - iShares MSCI BIC ETF (IXF)"
      ],
      "metadata": {
        "id": "6tA50iVw6-yt"
      }
    },
    {
      "cell_type": "code",
      "source": [
        "import numpy as np\n",
        "import matplotlib.pyplot as plt\n",
        "import pandas as pd\n",
        "import pandas_datareader as web\n",
        "import datetime as dt\n",
        "import yfinance as yf\n",
        "\n",
        "import numpy as np\n",
        "from scipy.optimize import minimize\n",
        "import statsmodels.api as sm\n",
        "import statsmodels.formula.api as smf\n",
        "import warnings\n",
        "\n",
        "\n",
        "from sympy import symbols, Eq, solve"
      ],
      "metadata": {
        "id": "OZoHWkwp7wkQ"
      },
      "execution_count": null,
      "outputs": []
    },
    {
      "cell_type": "code",
      "source": [
        "warnings.filterwarnings(\"ignore\", message=\"kurtosistest only valid for n>=20\") # Ignore sm warning"
      ],
      "metadata": {
        "id": "I6VmGqxOJikU"
      },
      "execution_count": null,
      "outputs": []
    },
    {
      "cell_type": "code",
      "execution_count": null,
      "metadata": {
        "id": "9VBw1BI04h7X",
        "colab": {
          "base_uri": "https://localhost:8080/"
        },
        "outputId": "2b1efa9b-e6ff-488e-dfbc-1e74bf5a338b"
      },
      "outputs": [
        {
          "output_type": "stream",
          "name": "stderr",
          "text": [
            "[*********************100%***********************]  7 of 7 completed"
          ]
        },
        {
          "output_type": "stream",
          "name": "stdout",
          "text": [
            "MultiIndex([( 'Close',              'EWH'),\n",
            "            ( 'Close',              'EWJ'),\n",
            "            ( 'Close',              'EZU'),\n",
            "            ( 'Close',              'IBB'),\n",
            "            ( 'Close',              'IXC'),\n",
            "            ( 'Close',              'IYF'),\n",
            "            ( 'Close', '^990500-EUR-STRD'),\n",
            "            (  'High',              'EWH'),\n",
            "            (  'High',              'EWJ'),\n",
            "            (  'High',              'EZU'),\n",
            "            (  'High',              'IBB'),\n",
            "            (  'High',              'IXC'),\n",
            "            (  'High',              'IYF'),\n",
            "            (  'High', '^990500-EUR-STRD'),\n",
            "            (   'Low',              'EWH'),\n",
            "            (   'Low',              'EWJ'),\n",
            "            (   'Low',              'EZU'),\n",
            "            (   'Low',              'IBB'),\n",
            "            (   'Low',              'IXC'),\n",
            "            (   'Low',              'IYF'),\n",
            "            (   'Low', '^990500-EUR-STRD'),\n",
            "            (  'Open',              'EWH'),\n",
            "            (  'Open',              'EWJ'),\n",
            "            (  'Open',              'EZU'),\n",
            "            (  'Open',              'IBB'),\n",
            "            (  'Open',              'IXC'),\n",
            "            (  'Open',              'IYF'),\n",
            "            (  'Open', '^990500-EUR-STRD'),\n",
            "            ('Volume',              'EWH'),\n",
            "            ('Volume',              'EWJ'),\n",
            "            ('Volume',              'EZU'),\n",
            "            ('Volume',              'IBB'),\n",
            "            ('Volume',              'IXC'),\n",
            "            ('Volume',              'IYF'),\n",
            "            ('Volume', '^990500-EUR-STRD')],\n",
            "           names=['Price', 'Ticker'])\n"
          ]
        },
        {
          "output_type": "stream",
          "name": "stderr",
          "text": [
            "\n"
          ]
        }
      ],
      "source": [
        "start = dt.datetime(2003,1,1)\n",
        "end = dt.datetime(2023,12,1)\n",
        "\n",
        "tickers = ['EWJ', 'EWH', 'IYF', 'IBB', 'IXC', 'EZU', '^990500-EUR-STRD']\n",
        "price_data = yf.download(tickers, start=start, end=end, interval='1mo')\n",
        "print(price_data.columns)\n",
        "stocks = price_data['Close'][tickers] # Should be Adj Close, but this isn't working\n",
        "stocks = stocks.dropna()"
      ]
    },
    {
      "cell_type": "code",
      "source": [
        "stocks_prices = stocks # Used later for the backtest\n",
        "print(stocks)\n"
      ],
      "metadata": {
        "id": "mrAbyREH8HBV",
        "colab": {
          "base_uri": "https://localhost:8080/"
        },
        "outputId": "4bcc3657-ac4a-4dde-aaff-4e0b28f12bb2"
      },
      "execution_count": null,
      "outputs": [
        {
          "output_type": "stream",
          "name": "stdout",
          "text": [
            "Ticker            EWJ        EWH        IYF         IBB        IXC        EZU  \\\n",
            "Date                                                                            \n",
            "2003-01-01  20.021965   3.871310  22.304949   15.577431   7.682054  11.584724   \n",
            "2003-02-01  20.228989   3.798851  21.662436   15.346508   7.742680  11.174154   \n",
            "2003-03-01  19.105158   3.534898  21.602512   16.420927   7.777324  10.710878   \n",
            "2003-04-01  18.957289   3.586653  24.201813   18.377316   7.831021  12.600055   \n",
            "2003-05-01  20.081118   3.938591  25.502159   21.828274   8.582768  13.546028   \n",
            "...               ...        ...        ...         ...        ...        ...   \n",
            "2023-07-01  61.128551  18.715656  77.528320  128.672745  37.259796  45.346310   \n",
            "2023-08-01  59.412868  16.975969  75.038742  128.075714  37.910000  43.307953   \n",
            "2023-09-01  58.111641  16.040655  72.988510  121.687340  38.880604  40.805885   \n",
            "2023-10-01  56.829693  15.694589  71.218170  113.261497  37.259796  39.704590   \n",
            "2023-11-01  60.347820  15.722648  79.177078  120.484802  37.457684  44.100113   \n",
            "\n",
            "Ticker      ^990500-EUR-STRD  \n",
            "Date                          \n",
            "2003-01-01         67.559998  \n",
            "2003-02-01         64.949997  \n",
            "2003-03-01         62.930000  \n",
            "2003-04-01         69.480003  \n",
            "2003-05-01         69.879997  \n",
            "...                      ...  \n",
            "2023-07-01        158.190002  \n",
            "2023-08-01        153.899994  \n",
            "2023-09-01        151.389999  \n",
            "2023-10-01        145.869995  \n",
            "2023-11-01        154.990005  \n",
            "\n",
            "[251 rows x 7 columns]\n"
          ]
        }
      ]
    },
    {
      "cell_type": "code",
      "source": [
        "stocks = np.log((stocks / stocks.shift(1))[1:])"
      ],
      "metadata": {
        "id": "fRbJXERIHY-u"
      },
      "execution_count": null,
      "outputs": []
    },
    {
      "cell_type": "markdown",
      "source": [
        "### Task 1.b - Estimate\n",
        "Expected yearly returns and covariance matrix with a rolling window of 10 years (in annual steps)"
      ],
      "metadata": {
        "id": "OxH_VjIPHzjZ"
      }
    },
    {
      "cell_type": "code",
      "source": [
        "'''\n",
        "  Create a dataframe contaning all the sums for each time period\n",
        "  With tickers as columns and stock mean for intval as rows\n",
        "'''\n",
        "\n",
        "start_years = ['2003', '2004', '2005', '2006', '2007', '2008', '2009', '2010', '2011', '2012', '2013']\n",
        "end_years = ['2012', '2013', '2014', '2015', '2016', '2017', '2018', '2019', '2020', '2021', '2022']\n",
        "\n",
        "# Empty dataframe\n",
        "df_means = pd.DataFrame(index=start_years, columns=tickers)\n",
        "lst_cov = []\n",
        "\n",
        "# Loop through years\n",
        "for i in range(len(start_years)):\n",
        "    print(start_years[i], end_years[i])\n",
        "    tmp_stocks = stocks.loc[start_years[i]:end_years[i]]\n",
        "\n",
        "    # Mean\n",
        "    tmp_stocks_mean = tmp_stocks.mean()\n",
        "    df_means.loc[start_years[i]] = tmp_stocks_mean\n",
        "\n",
        "    # Covariance\n",
        "    tmp_stocks_cov = tmp_stocks.cov()\n",
        "    lst_cov.append(tmp_stocks_cov)"
      ],
      "metadata": {
        "id": "tWr4kbvjo7qs",
        "colab": {
          "base_uri": "https://localhost:8080/"
        },
        "outputId": "b947c1ca-529c-450f-b051-fcd84f043adc"
      },
      "execution_count": null,
      "outputs": [
        {
          "output_type": "stream",
          "name": "stdout",
          "text": [
            "2003 2012\n",
            "2004 2013\n",
            "2005 2014\n",
            "2006 2015\n",
            "2007 2016\n",
            "2008 2017\n",
            "2009 2018\n",
            "2010 2019\n",
            "2011 2020\n",
            "2012 2021\n",
            "2013 2022\n"
          ]
        }
      ]
    },
    {
      "cell_type": "markdown",
      "source": [
        "#### Print"
      ],
      "metadata": {
        "id": "-7YJPjPbqSsy"
      }
    },
    {
      "cell_type": "code",
      "source": [
        "print(\"Mean pr ticker\")\n",
        "print(df_means * (12))\n",
        "\n",
        "print(\"\\n\\nCovariance matricies\")\n",
        "for i in range(len(lst_cov)):\n",
        "    print('\\nYear : ', start_years[i], '\\n', '\\n', lst_cov[i] * (12), '\\n', '-'*100,)"
      ],
      "metadata": {
        "id": "y7ZpTo9ZlNIz",
        "colab": {
          "base_uri": "https://localhost:8080/"
        },
        "outputId": "44c17a0b-208b-4e0c-f250-90a135510f10"
      },
      "execution_count": null,
      "outputs": [
        {
          "output_type": "stream",
          "name": "stdout",
          "text": [
            "Mean pr ticker\n",
            "           EWJ       EWH       IYF       IBB       IXC       EZU  \\\n",
            "2003  0.046631  0.123107  0.010248  0.106099  0.114116  0.075051   \n",
            "2004  0.034328  0.101946  0.010908  0.116396  0.099729   0.06016   \n",
            "2005  0.015569  0.083239  0.011612  0.140853  0.063943  0.030853   \n",
            "2006  0.002441  0.075345  0.005525  0.149372  0.012126  0.021169   \n",
            "2007 -0.000666  0.050214  0.003952  0.124572  0.018688 -0.007687   \n",
            "2008   0.02754  0.046071  0.042067  0.139197 -0.001887  0.000973   \n",
            "2009  0.043448  0.110326  0.102607  0.142395  0.027117  0.043124   \n",
            "2010  0.057692  0.074763    0.1139  0.150706   0.01374  0.039579   \n",
            "2011  0.059849   0.05675  0.101322  0.159992 -0.032642  0.049093   \n",
            "2012  0.076564  0.070899  0.143246  0.149889  0.002218  0.082467   \n",
            "2013  0.049193  0.037453  0.107922  0.107317  0.038527  0.042362   \n",
            "\n",
            "     ^990500-EUR-STRD  \n",
            "2003         0.035754  \n",
            "2004         0.032004  \n",
            "2005         0.027069  \n",
            "2006         0.011889  \n",
            "2007        -0.003875  \n",
            "2008         0.003076  \n",
            "2009         0.049763  \n",
            "2010         0.045827  \n",
            "2011         0.032569  \n",
            "2012         0.064349  \n",
            "2013         0.039177  \n",
            "\n",
            "\n",
            "Covariance matricies\n",
            "\n",
            "Year :  2003 \n",
            " \n",
            " Ticker                 EWJ       EWH       IYF       IBB       IXC       EZU  \\\n",
            "Ticker                                                                         \n",
            "EWJ               0.030721  0.021753  0.026155  0.014192  0.021097  0.029339   \n",
            "EWH               0.021753  0.051800  0.032435  0.020085  0.033656  0.041839   \n",
            "IYF               0.026155  0.032435  0.053410  0.024320  0.025196  0.046501   \n",
            "IBB               0.014192  0.020085  0.024320  0.034018  0.013846  0.027006   \n",
            "IXC               0.021097  0.033656  0.025196  0.013846  0.047854  0.038816   \n",
            "EZU               0.029339  0.041839  0.046501  0.027006  0.038816  0.060871   \n",
            "^990500-EUR-STRD  0.016011  0.023126  0.026178  0.014607  0.021945  0.030174   \n",
            "\n",
            "Ticker            ^990500-EUR-STRD  \n",
            "Ticker                              \n",
            "EWJ                       0.016011  \n",
            "EWH                       0.023126  \n",
            "IYF                       0.026178  \n",
            "IBB                       0.014607  \n",
            "IXC                       0.021945  \n",
            "EZU                       0.030174  \n",
            "^990500-EUR-STRD          0.022719   \n",
            " ----------------------------------------------------------------------------------------------------\n",
            "\n",
            "Year :  2004 \n",
            " \n",
            " Ticker                 EWJ       EWH       IYF       IBB       IXC       EZU  \\\n",
            "Ticker                                                                         \n",
            "EWJ               0.030017  0.019973  0.025761  0.014984  0.019645  0.028767   \n",
            "EWH               0.019973  0.050176  0.031783  0.020193  0.033811  0.042175   \n",
            "IYF               0.025761  0.031783  0.052261  0.023818  0.025289  0.044628   \n",
            "IBB               0.014984  0.020193  0.023818  0.032729  0.013505  0.026724   \n",
            "IXC               0.019645  0.033811  0.025289  0.013505  0.046238  0.038806   \n",
            "EZU               0.028767  0.042175  0.044628  0.026724  0.038806  0.059320   \n",
            "^990500-EUR-STRD  0.015375  0.022993  0.024972  0.014568  0.022282  0.028963   \n",
            "\n",
            "Ticker            ^990500-EUR-STRD  \n",
            "Ticker                              \n",
            "EWJ                       0.015375  \n",
            "EWH                       0.022993  \n",
            "IYF                       0.024972  \n",
            "IBB                       0.014568  \n",
            "IXC                       0.022282  \n",
            "EZU                       0.028963  \n",
            "^990500-EUR-STRD          0.021336   \n",
            " ----------------------------------------------------------------------------------------------------\n",
            "\n",
            "Year :  2005 \n",
            " \n",
            " Ticker                 EWJ       EWH       IYF       IBB       IXC       EZU  \\\n",
            "Ticker                                                                         \n",
            "EWJ               0.027944  0.020957  0.025178  0.014459  0.020545  0.028505   \n",
            "EWH               0.020957  0.049560  0.030629  0.019627  0.034477  0.041703   \n",
            "IYF               0.025178  0.030629  0.051947  0.023927  0.025514  0.044030   \n",
            "IBB               0.014459  0.019627  0.023927  0.034777  0.013543  0.025685   \n",
            "IXC               0.020545  0.034477  0.025514  0.013543  0.048083  0.039436   \n",
            "EZU               0.028505  0.041703  0.044030  0.025685  0.039436  0.059462   \n",
            "^990500-EUR-STRD  0.015503  0.022811  0.024957  0.014326  0.022346  0.029139   \n",
            "\n",
            "Ticker            ^990500-EUR-STRD  \n",
            "Ticker                              \n",
            "EWJ                       0.015503  \n",
            "EWH                       0.022811  \n",
            "IYF                       0.024957  \n",
            "IBB                       0.014326  \n",
            "IXC                       0.022346  \n",
            "EZU                       0.029139  \n",
            "^990500-EUR-STRD          0.021435   \n",
            " ----------------------------------------------------------------------------------------------------\n",
            "\n",
            "Year :  2006 \n",
            " \n",
            " Ticker                 EWJ       EWH       IYF       IBB       IXC       EZU  \\\n",
            "Ticker                                                                         \n",
            "EWJ               0.027553  0.022653  0.026663  0.016563  0.021328  0.029662   \n",
            "EWH               0.022653  0.051860  0.031542  0.020531  0.035765  0.043223   \n",
            "IYF               0.026663  0.031542  0.053053  0.024900  0.027592  0.045574   \n",
            "IBB               0.016563  0.020531  0.024900  0.036678  0.014565  0.027154   \n",
            "IXC               0.021328  0.035765  0.027592  0.014565  0.049065  0.040334   \n",
            "EZU               0.029662  0.043223  0.045574  0.027154  0.040334  0.060892   \n",
            "^990500-EUR-STRD  0.017116  0.024911  0.026377  0.016848  0.023183  0.030960   \n",
            "\n",
            "Ticker            ^990500-EUR-STRD  \n",
            "Ticker                              \n",
            "EWJ                       0.017116  \n",
            "EWH                       0.024911  \n",
            "IYF                       0.026377  \n",
            "IBB                       0.016848  \n",
            "IXC                       0.023183  \n",
            "EZU                       0.030960  \n",
            "^990500-EUR-STRD          0.023791   \n",
            " ----------------------------------------------------------------------------------------------------\n",
            "\n",
            "Year :  2007 \n",
            " \n",
            " Ticker                 EWJ       EWH       IYF       IBB       IXC       EZU  \\\n",
            "Ticker                                                                         \n",
            "EWJ               0.027916  0.023055  0.027234  0.018706  0.020359  0.029946   \n",
            "EWH               0.023055  0.053106  0.031769  0.024275  0.034020  0.043018   \n",
            "IYF               0.027234  0.031769  0.054954  0.027975  0.028270  0.046144   \n",
            "IBB               0.018706  0.024275  0.027975  0.045843  0.015181  0.029468   \n",
            "IXC               0.020359  0.034020  0.028270  0.015181  0.046768  0.039247   \n",
            "EZU               0.029946  0.043018  0.046144  0.029468  0.039247  0.061759   \n",
            "^990500-EUR-STRD  0.017151  0.024458  0.027024  0.018947  0.022847  0.031356   \n",
            "\n",
            "Ticker            ^990500-EUR-STRD  \n",
            "Ticker                              \n",
            "EWJ                       0.017151  \n",
            "EWH                       0.024458  \n",
            "IYF                       0.027024  \n",
            "IBB                       0.018947  \n",
            "IXC                       0.022847  \n",
            "EZU                       0.031356  \n",
            "^990500-EUR-STRD          0.024138   \n",
            " ----------------------------------------------------------------------------------------------------\n",
            "\n",
            "Year :  2008 \n",
            " \n",
            " Ticker                 EWJ       EWH       IYF       IBB       IXC       EZU  \\\n",
            "Ticker                                                                         \n",
            "EWJ               0.027886  0.023324  0.027063  0.018305  0.020569  0.030187   \n",
            "EWH               0.023324  0.049985  0.031313  0.023163  0.031848  0.042017   \n",
            "IYF               0.027063  0.031313  0.053357  0.026785  0.028088  0.044975   \n",
            "IBB               0.018305  0.023163  0.026785  0.045913  0.014326  0.027919   \n",
            "IXC               0.020569  0.031848  0.028088  0.014326  0.045766  0.038186   \n",
            "EZU               0.030187  0.042017  0.044975  0.027919  0.038186  0.061380   \n",
            "^990500-EUR-STRD  0.017126  0.023606  0.026043  0.017853  0.022294  0.030848   \n",
            "\n",
            "Ticker            ^990500-EUR-STRD  \n",
            "Ticker                              \n",
            "EWJ                       0.017126  \n",
            "EWH                       0.023606  \n",
            "IYF                       0.026043  \n",
            "IBB                       0.017853  \n",
            "IXC                       0.022294  \n",
            "EZU                       0.030848  \n",
            "^990500-EUR-STRD          0.023836   \n",
            " ----------------------------------------------------------------------------------------------------\n",
            "\n",
            "Year :  2009 \n",
            " \n",
            " Ticker                 EWJ       EWH       IYF       IBB       IXC       EZU  \\\n",
            "Ticker                                                                         \n",
            "EWJ               0.023858  0.017335  0.021469  0.017122  0.017353  0.023198   \n",
            "EWH               0.017335  0.039386  0.021251  0.019923  0.025051  0.031282   \n",
            "IYF               0.021469  0.021251  0.039015  0.022112  0.025372  0.034153   \n",
            "IBB               0.017122  0.019923  0.022112  0.045514  0.015761  0.023085   \n",
            "IXC               0.017353  0.025051  0.025372  0.015761  0.039140  0.032465   \n",
            "EZU               0.023198  0.031282  0.034153  0.023085  0.032465  0.048935   \n",
            "^990500-EUR-STRD  0.013535  0.015931  0.019098  0.015671  0.017359  0.023787   \n",
            "\n",
            "Ticker            ^990500-EUR-STRD  \n",
            "Ticker                              \n",
            "EWJ                       0.013535  \n",
            "EWH                       0.015931  \n",
            "IYF                       0.019098  \n",
            "IBB                       0.015671  \n",
            "IXC                       0.017359  \n",
            "EZU                       0.023787  \n",
            "^990500-EUR-STRD          0.017569   \n",
            " ----------------------------------------------------------------------------------------------------\n",
            "\n",
            "Year :  2010 \n",
            " \n",
            " Ticker                 EWJ       EWH       IYF       IBB       IXC       EZU  \\\n",
            "Ticker                                                                         \n",
            "EWJ               0.019211  0.014900  0.013281  0.015677  0.015045  0.017004   \n",
            "EWH               0.014900  0.034393  0.016731  0.020874  0.022352  0.026054   \n",
            "IYF               0.013281  0.016731  0.023034  0.020122  0.020726  0.022000   \n",
            "IBB               0.015677  0.020874  0.020122  0.045808  0.016736  0.021112   \n",
            "IXC               0.015045  0.022352  0.020726  0.016736  0.037111  0.027705   \n",
            "EZU               0.017004  0.026054  0.022000  0.021112  0.027705  0.038667   \n",
            "^990500-EUR-STRD  0.010675  0.013598  0.013508  0.014913  0.015953  0.019233   \n",
            "\n",
            "Ticker            ^990500-EUR-STRD  \n",
            "Ticker                              \n",
            "EWJ                       0.010675  \n",
            "EWH                       0.013598  \n",
            "IYF                       0.013508  \n",
            "IBB                       0.014913  \n",
            "IXC                       0.015953  \n",
            "EZU                       0.019233  \n",
            "^990500-EUR-STRD          0.014559   \n",
            " ----------------------------------------------------------------------------------------------------\n",
            "\n",
            "Year :  2011 \n",
            " \n",
            " Ticker                 EWJ       EWH       IYF       IBB       IXC       EZU  \\\n",
            "Ticker                                                                         \n",
            "EWJ               0.020617  0.015437  0.015516  0.015890  0.019153  0.018556   \n",
            "EWH               0.015437  0.036064  0.020186  0.021136  0.028086  0.027095   \n",
            "IYF               0.015516  0.020186  0.029351  0.021111  0.032344  0.026342   \n",
            "IBB               0.015890  0.021136  0.021111  0.046476  0.020510  0.020832   \n",
            "IXC               0.019153  0.028086  0.032344  0.020510  0.057775  0.036157   \n",
            "EZU               0.018556  0.027095  0.026342  0.020832  0.036157  0.038303   \n",
            "^990500-EUR-STRD  0.013137  0.016325  0.018855  0.016661  0.025282  0.023134   \n",
            "\n",
            "Ticker            ^990500-EUR-STRD  \n",
            "Ticker                              \n",
            "EWJ                       0.013137  \n",
            "EWH                       0.016325  \n",
            "IYF                       0.018855  \n",
            "IBB                       0.016661  \n",
            "IXC                       0.025282  \n",
            "EZU                       0.023134  \n",
            "^990500-EUR-STRD          0.019013   \n",
            " ----------------------------------------------------------------------------------------------------\n",
            "\n",
            "Year :  2012 \n",
            " \n",
            " Ticker                 EWJ       EWH       IYF       IBB       IXC       EZU  \\\n",
            "Ticker                                                                         \n",
            "EWJ               0.018042  0.014130  0.013761  0.015412  0.017724  0.016364   \n",
            "EWH               0.014130  0.030598  0.016443  0.019299  0.023328  0.022418   \n",
            "IYF               0.013761  0.016443  0.026705  0.018821  0.029119  0.022426   \n",
            "IBB               0.015412  0.019299  0.018821  0.046556  0.017230  0.018099   \n",
            "IXC               0.017724  0.023328  0.029119  0.017230  0.056315  0.030691   \n",
            "EZU               0.016364  0.022418  0.022426  0.018099  0.030691  0.032150   \n",
            "^990500-EUR-STRD  0.011405  0.014077  0.016740  0.014833  0.022709  0.020357   \n",
            "\n",
            "Ticker            ^990500-EUR-STRD  \n",
            "Ticker                              \n",
            "EWJ                       0.011405  \n",
            "EWH                       0.014077  \n",
            "IYF                       0.016740  \n",
            "IBB                       0.014833  \n",
            "IXC                       0.022709  \n",
            "EZU                       0.020357  \n",
            "^990500-EUR-STRD          0.017431   \n",
            " ----------------------------------------------------------------------------------------------------\n",
            "\n",
            "Year :  2013 \n",
            " \n",
            " Ticker                 EWJ       EWH       IYF       IBB       IXC       EZU  \\\n",
            "Ticker                                                                         \n",
            "EWJ               0.020525  0.015989  0.016769  0.017722  0.019392  0.019665   \n",
            "EWH               0.015989  0.036065  0.016065  0.018480  0.020416  0.023242   \n",
            "IYF               0.016769  0.016065  0.031154  0.021813  0.033832  0.026641   \n",
            "IBB               0.017722  0.018480  0.021813  0.050232  0.016304  0.021164   \n",
            "IXC               0.019392  0.020416  0.033832  0.016304  0.067898  0.033911   \n",
            "EZU               0.019665  0.023242  0.026641  0.021164  0.033911  0.036591   \n",
            "^990500-EUR-STRD  0.013523  0.013762  0.019360  0.016821  0.024220  0.023088   \n",
            "\n",
            "Ticker            ^990500-EUR-STRD  \n",
            "Ticker                              \n",
            "EWJ                       0.013523  \n",
            "EWH                       0.013762  \n",
            "IYF                       0.019360  \n",
            "IBB                       0.016821  \n",
            "IXC                       0.024220  \n",
            "EZU                       0.023088  \n",
            "^990500-EUR-STRD          0.019413   \n",
            " ----------------------------------------------------------------------------------------------------\n"
          ]
        }
      ]
    },
    {
      "cell_type": "markdown",
      "source": [
        "### Task 1.c - Efficient frontier\n",
        "Show in one or more figures the 11 different efficient frontiers (one for each rolling window) and explain in your report the diversification benefit.\n"
      ],
      "metadata": {
        "id": "0maIKyiyH6aB"
      }
    },
    {
      "cell_type": "code",
      "source": [
        "def highest_slope_portfolio(ymean, ycov, Rf):\n",
        "    n = ycov.shape[0]\n",
        "    Rp = ymean[0][0]\n",
        "\n",
        "    A = np.zeros((n+1,n+1))\n",
        "\n",
        "    A[:-1,:-1] = 2*ycov\n",
        "    A[:n,-1] = -(ymean.T-Rf)\n",
        "    A[-1,:n] = ymean.T-Rf\n",
        "    b = np.zeros((n+1,1))\n",
        "    b[-1,0] = Rp-Rf\n",
        "    X = np.linalg.solve(A, b)\n",
        "    X = (X[:-1]/np.sum(X[:-1])).reshape(-1,1)\n",
        "\n",
        "    opt_var = X.T @ ycov @ X\n",
        "    opt_sigma = np.sqrt(opt_var)\n",
        "    opt_mu = X.T @ ymean\n",
        "\n",
        "    return X, opt_sigma.item(), opt_mu.item()"
      ],
      "metadata": {
        "id": "BkIdiU4zH_WE"
      },
      "execution_count": null,
      "outputs": []
    },
    {
      "cell_type": "code",
      "source": [
        "eff_frontier = {}\n",
        "\n",
        "i = 0\n",
        "for year in start_years:\n",
        "  mu = df_means.iloc[i].to_numpy().reshape(-1,1) * 12\n",
        "  cov = lst_cov[i].to_numpy() * 12\n",
        "  Rf = 0\n",
        "\n",
        "  # Calcuate the higst optimal portfolio for two risk free rates\n",
        "  # St. we can take all combinations later.\n",
        "  X, opt_sigma, opt_mu = highest_slope_portfolio(mu, cov, Rf)\n",
        "  X2, _, _ = highest_slope_portfolio(mu, cov, Rf+0.03)\n",
        "\n",
        "  eff_frontier[year] = {\n",
        "    'weights' : X,\n",
        "    'sigma' : opt_sigma,\n",
        "    'mu' : opt_mu,\n",
        "    'weights2' : X2\n",
        "  }\n",
        "  i = i + 1\n",
        "\n",
        "print(eff_frontier['2013'])"
      ],
      "metadata": {
        "id": "Wz0rJKzTdft1",
        "colab": {
          "base_uri": "https://localhost:8080/"
        },
        "outputId": "2f6dea44-2068-4a28-96ef-ca70b86e0697"
      },
      "execution_count": null,
      "outputs": [
        {
          "output_type": "stream",
          "name": "stdout",
          "text": [
            "{'weights': array([[ 0.14301827],\n",
            "       [ 0.12570137],\n",
            "       [ 2.25112005],\n",
            "       [ 0.1913462 ],\n",
            "       [-0.53211857],\n",
            "       [-0.90315583],\n",
            "       [-0.27591147]]), 'sigma': 0.24428760672845998, 'mu': 0.2056525421420168, 'weights2': array([[-0.47496186],\n",
            "       [-0.04033738],\n",
            "       [ 6.4589732 ],\n",
            "       [ 0.72483463],\n",
            "       [-1.39544692],\n",
            "       [-1.51483426],\n",
            "       [-2.75822741]])}\n"
          ]
        }
      ]
    },
    {
      "cell_type": "code",
      "source": [
        "large_n = 100\n",
        "mu_p = np.zeros((len(start_years), 2* large_n + 1))\n",
        "std_p = np.zeros((len(start_years), 2* large_n + 1))\n",
        "\n",
        "l = 0\n",
        "# Calculate all combinations of the portfolio for each year\n",
        "for j in range(len(start_years)):\n",
        "  mu = df_means.iloc[l].to_numpy().reshape(-1,1) * 12\n",
        "  cov = lst_cov[l].to_numpy() * 12\n",
        "  for i in range(2*large_n+1):\n",
        "\n",
        "    curr_port = (i/large_n) * eff_frontier[start_years[j]]['weights'] + (1-i/large_n) * eff_frontier[start_years[j]]['weights2']\n",
        "    mu_p[j,i] = (curr_port.T @ mu).item()\n",
        "    std_p[j,i] = np.sqrt((curr_port.T @ cov @ curr_port).item())\n",
        "\n",
        "  l += 1"
      ],
      "metadata": {
        "id": "0NjP-y-tBW23"
      },
      "execution_count": null,
      "outputs": []
    },
    {
      "cell_type": "code",
      "source": [
        "fig, (ax1, ax2) = plt.subplots(1, 2, figsize=(15,5))\n",
        "for i in range(len(start_years)):\n",
        "  ax1.plot(std_p[i,:], mu_p[i,:], label=start_years[i]) # Combinations\n",
        "#   ax1.scatter(eff_frontier[start_years[i]]['sigma'], eff_frontier[start_years[i]]['mu'], label=start_years[i]) # Optimal portfolio\n",
        "ax1.title.set_text('Efficient frontiers')\n",
        "ax1.set(xlim=(0, 1), ylim=(-1, 1))\n",
        "ax1.set_xlabel('sigma')\n",
        "ax1.set_ylabel('mu')\n",
        "ax1.legend()\n",
        "\n",
        "for j in range(len(start_years)):\n",
        "  ax2.plot(std_p[j,:], mu_p[j,:], label=start_years[j]) # Combinations\n",
        "#   ax2.scatter(eff_frontier[start_years[i]]['sigma'], eff_frontier[start_years[i]]['mu'], label=start_years[i]) # Optimal portfolio\n",
        "ax2.title.set_text('Efficient frontiers without short sales')\n",
        "ax2.set(xlim=(0, 1), ylim=(0, 1))\n",
        "ax2.set_xlabel('sigma')\n",
        "ax2.set_ylabel('mu')\n",
        "ax2.legend()"
      ],
      "metadata": {
        "id": "oym-YqtAmwUx",
        "colab": {
          "base_uri": "https://localhost:8080/",
          "height": 434
        },
        "outputId": "3dec43c8-b191-4aff-8f38-db4afbf4f8eb"
      },
      "execution_count": null,
      "outputs": [
        {
          "output_type": "display_data",
          "data": {
            "text/plain": [
              "<Figure size 1000x600 with 1 Axes>"
            ],
